%% Elevator Parameters Initialization

% Copyright 2023 The MathWorks, Inc.

%% For Simulation

K = 25000; % constant spring stiffness
D = 3000;  % spring damping
g = 9.80665; % gravity 
scale = 0.2857142857142857; % for general variable mass
x = 0.0944451787412;    % initial spring length elevator
x2 = 0.17632453369405415; % % initial spring length counter weight 
FloorHeight = 3.6; % Height of one floor in meters.

%% Building

BuildingTop = struct;
BuildingTop.mass = 4396.7518284772868;
BuildingTop.CoM = [1917.2646888817012 1736.6260840102641 4.14892980253318 ...
                   ];
BuildingTop.MoI = [4.5037940735961256E+9 6.1097171894430056E+9 9.4199528823981972E+9 ...
                   ];
BuildingTop.PoI = [6.4960610367975962E+8 -3.9810472157284015E+8 5.3446025115297246E+8 ...
                   ];
BuildingTop.color = [0.50196078431372548 0.50196078431372548 0.50196078431372548 ...
                     ];
BuildingTop.opacity = 1;
BuildingTop.ID = 'RoofTop*:*Default';

%% Elevator Cabin

CabinFrame = struct;
CabinFrame.mass = 86.032086000000035;
CabinFrame.CoM = [44.999999999999993 65.000000000000028 1.2499999999999998 ...
                  ];
CabinFrame.MoI = [203141.98282812524 113832.484028125 316884.85010000021 ...
                  ];
CabinFrame.PoI = [-1.86676279567058E-12 0 -3.7832364292952038E-11];
CabinFrame.color = [0.792156862745098 0.81960784313725488 0.93333333333333335 ...
                    ];
CabinFrame.opacity = 1;
CabinFrame.ID = 'CabinFrame1*:*Default';

CabinTopPlate = struct;
CabinTopPlate.mass = 72.135;
CabinTopPlate.CoM = [0.31499999999999972 1.145 0.025000000000000005];
CabinTopPlate.MoI = [31.53862425 2.4008932500000015 33.909461250000007];
CabinTopPlate.PoI = [0 0 9.4702132709863687E-15];
CabinTopPlate.color = [0.792156862745098 0.81960784313725488 0.93333333333333335 ...
                       ];
CabinTopPlate.opacity = 1;
CabinTopPlate.ID = 'CabinTopPlate*:*Default';

%% Counter Weight

CounterWeight = struct;
CounterWeight.mass = 2200;
CounterWeight.CoM = [0 -240.00000000000006 0];
CounterWeight.MoI = [4.2610339228556016E+6 5.8011277909240415E+6 9.6879380442834925E+6 ...
                     ];
CounterWeight.PoI = [0 7.3137129192283323E-10 0];
CounterWeight.color = [0.792156862745098 0.81960784313725488 0.93333333333333335 ...
                       ];
CounterWeight.opacity = 1;
CounterWeight.ID = 'CounterWeight*:*Default';

CounterWeightFrame = struct;
CounterWeightFrame.mass = 47.512321919999984;
CounterWeightFrame.CoM = [486.7000000000001 84.11999999999999 -750.00000000000114 ...
                          ];
CounterWeightFrame.MoI = [1.4726914031922257E+7 2.1985897615464218E+7 7.48312056757854E+6 ...
                          ];
CounterWeightFrame.PoI = [7.05953074416381E-10 3.97945319668894E-9 0];
CounterWeightFrame.color = [0.792156862745098 0.81960784313725488 0.93333333333333335 ...
                            ];
CounterWeightFrame.opacity = 1;
CounterWeightFrame.ID = 'CouterWeightFrame*:*Default';

CouterWeightRail = struct;
CouterWeightRail.mass = 53.561915503895563;
CouterWeightRail.CoM = [30.234254526493235 45.0000024490748 -12009.42287520947 ...
                        ];
CouterWeightRail.MoI = [4.01886100099911E+9 4.0188874234194856E+9 57473.805216315493 ...
                        ];
CouterWeightRail.PoI = [0.80350227388206907 -1718.5487544684818 -0.0039933949664140243 ...
                        ];
CouterWeightRail.color = [0.6470588235294118 0.61960784313725492 0.58823529411764708 ...
                          ];
CouterWeightRail.opacity = 1;
CouterWeightRail.ID = 'LongRail*:*Default';

%% Door Mechanism

Door = struct;
Door.mass = 61.8263422670059;
Door.CoM = [253.99999999999994 1200 25.399999999999995];
Door.MoI = [2.9588182173024513E+7 1.33879847151959E+6 3.0900388722559448E+7 ...
            ];
Door.PoI = [0 0 7.3183646642771549E-10];
Door.color = [0.792156862745098 0.81960784313725488 0.93333333333333335 ...
              ];
Door.opacity = 1;
Door.ID = 'Door*:*Default';

DoorMechanismPlate = struct;
DoorMechanismPlate.mass = 94.652499999999989;
DoorMechanismPlate.CoM = [1013.267854873255 259.37662814944207 48.2574416946198 ...
                          ];
DoorMechanismPlate.MoI = [2.0525938088866726E+6 3.2477017828897152E+7 3.4372432297538154E+7 ...
                          ];
DoorMechanismPlate.PoI = [-24225.4638553986 285.69568684248429 14857.870973320467 ...
                          ];
DoorMechanismPlate.color = [0.792156862745098 0.81960784313725488 0.93333333333333335 ...
                            ];
DoorMechanismPlate.opacity = 1;
DoorMechanismPlate.ID = 'DoorMechanism*:*Default';

DoorPart = struct;
DoorPart.mass = 3.0463495408493619;
DoorPart.CoM = [125 135.9257779105526 -6.6007299785357461];
DoorPart.MoI = [16668.6677457326 17693.487443268372 29867.049563081258];
DoorPart.PoI = [-1217.6187021702788 0 0];
DoorPart.color = [0.792156862745098 0.81960784313725488 0.93333333333333335 ...
                  ];
DoorPart.opacity = 1;
DoorPart.ID = 'doorpart1*:*Default';

ElevatorCabin = struct;
ElevatorCabin.mass = 659.26999999999975;
ElevatorCabin.CoM = [39.999999994468816 56.023871938042184 24.72410502014371 ...
                     ];
ElevatorCabin.MoI = [2.878640228863968E+6 2.0197829568309109E+6 3.676927615778652E+6 ...
                     ];
ElevatorCabin.PoI = [-46316.801766770608 -0.00097874573365809223 -0.058228043931949421 ...
                     ];
ElevatorCabin.color = [0.6470588235294118 0.61960784313725492 0.58823529411764708 ...
                       ];
ElevatorCabin.opacity = 1;
ElevatorCabin.ID = 'ElevatorCabin*:*Default';

ElevatorRail = struct;
ElevatorRail.mass = 53.561915503895584;
ElevatorRail.CoM = [30.234254526493235 45.000002449074792 -12009.422875209466 ...
                    ];
ElevatorRail.MoI = [4.01886100099911E+9 4.0188874234194856E+9 57473.805216315479 ...
                    ];
ElevatorRail.PoI = [0.80350227383412787 -1718.5487544684554 -0.0039933949658953142 ...
                    ];
ElevatorRail.color = [0.6470588235294118 0.61960784313725492 0.58823529411764708 ...
                      ];
ElevatorRail.opacity = 1;
ElevatorRail.ID = 'Part4*:*Default';

Floor = struct;
Floor.mass = 9775.0991871006063;
Floor.CoM = [80.261581526129419 65.17196678507608 37.074397835773269];
Floor.MoI = [3.341200997307653E+7 5.0212947358148642E+7 5.617507147502818E+7 ...
             ];
Floor.PoI = [3.1194530232014153E+6 -70388.086339912988 32114.041279334346 ...
             ];
Floor.color = [0.6470588235294118 0.61960784313725492 0.58823529411764708 ...
               ];
Floor.opacity = 1;
Floor.ID = 'Floor*:*Default';




%% Motor
MotorShaft = struct;
MotorShaft.mass = 4.6338491640449426;
MotorShaft.CoM = [0 0 294.99999999999994];
MotorShaft.MoI = [137316.39689453182 137316.39689453182 5792.3114550561768 ...
                  ];
MotorShaft.PoI = [0 0 0];
MotorShaft.color = [0 0 0];
MotorShaft.opacity = 1;
MotorShaft.ID = 'ShaftMotor*:*Default';

%% Joints

PlanarJoint = struct;
PlanarJoint.Rz = struct;
PlanarJoint.Rz.Pos = 89.999999999999986;
PlanarJoint.Px = struct;
PlanarJoint.Px.Pos = 0;
PlanarJoint.Py = struct;
PlanarJoint.Py.Pos = 0;
PlanarJoint.ID = '[Part4-1:-:LongRail-2]';

PrismaticJoint = struct;
PrismaticJoint.Pz = struct;
PrismaticJoint.Pz.Pos = 0;
PrismaticJoint.ID = '[Part4-1:-:LongRail-1]';

Pulley = struct;
Pulley.radius = 0.38;
Pulley.mass = 24.852704631494497;
Pulley.CoM = [0 0 0];
Pulley.MoI = [0.98171220726635255 0.98171220726635278 1.9416075113168432 ...
              ];
Pulley.PoI = [0 0 0.010578539420297885];
Pulley.color = [0.9882352941176471 0.73725490196078436 0.51764705882352935 ...
                ];
Pulley.opacity = 1;
Pulley.ID = 'Pulley*:*Default';

RevoluteJoint = struct;
RevoluteJoint(1).Rz = struct;
RevoluteJoint(1).Rz.Pos = -108.16847778113716;
RevoluteJoint(1).ID = '[RoofTop-1:-:PulleySubAssembly-1]';
RevoluteJoint(2).Rz = struct;
RevoluteJoint(2).Rz.Pos = -94.607871996125937;
